(1) Hamlet experiment 1
 n = [1539, 2997, 4455, 5913, 7371, 8829, 10287, 11745, 13203, 14661, 16119, 17577, 19035, 20493, 21951, 23409, 24867, 26325, 27783, 29241]
 suppSz = 1.0e+03 *
 [5.5506, 3.7347,    5.6528,    6.4998,    6.1890,    6.0985,    6.0918,    6.4367,    6.5590,    6.6625,    6.8051,    6.9606,    7.2218,    7.0709,    7.5288,    7.1900,    6.6752,    6.7734,    4.3898,    5.5833]

(2) DBLP experiment 1
n = [47964, 93404, 138844, 184285, 229725, 275165, 320605, 366045, 411485, 456925, 502366, 547806, 593246, 638686, 684126, 729566, 775006, 820447, 865887, 911327]
suppSz = 1.0e+07 *
[0.0003,    0.0003,    1.9518,    0.0003,    0.0003,    0.3884,    0.0003,    1.8091,    0.0003,    0.0003,    0.0004    0.0004,    0.0004,    0.0005,    0.0005,    0.0005,    0.0005,    0.0005,    0.0005,    0.0005]


(3) DBLP experiment 3:
1.0e+03 *
[0.1514,    0.3158,   0.8256,    0.6299,    0.7021,    1.1260,    1.6767,    2.1944,    2.4818,    2.6900,    2.9686,    3.3029,    3.4238,    4.3685]


(4) Hamlet experiment 3:
 1.0e+04 *
[1.0266,    0.1908,    0.1135,    0.2232,    0.7597,    0.2434,    0.3305,    0.5989,    0.6246,    0.6186,    0.6881,    0.6419]


(5) DBLP experiment 5: 
 1.0e+03 *
 [0.0018,    0.0059,   0.0285,    0.0570,    0.0756,    0.1083,    0.1029,    0.2240,    0.3620,    0.8877 ,   0.5248    0.7428,    1.1342,    1.6695,    2.2982,    2.5120,    2.5702,    2.8096,    3.1208,    3.3751]

(6) Hamlet experiment 5:
1.0e+04 *
[2.5000,    2.5000,   2.5000,    2.5000,    0.0056,    0.8161,    0.0071,    0.0135,    0.0433,    0.0827,    1.0403    0.0693,    0.1593,    0.1561,    0.4866,    0.6603,    0.3209,    0.5047,    0.6464,    0.6107]








