(1) Hamlet experiment 1
 n = [1539, 2997, 4455, 5913, 7371, 8829, 10287, 11745, 13203, 14661, 16119, 17577, 19035, 20493, 21951, 23409, 24867, 26325, 27783, 29241]
 suppSz = 1e3 *
 [6.1870,    3.7704,    6.0195,    7.5183,   7.0413,    6.9454,    6.8252,    7.1465,    7.2174,    7.3142,    7.4071,    7.5306,    7.7112,    7.7867,    7.9361,    8.0797,   8.2424,    8.4188,    8.6795,    8.0938]

(2) DBLP experiment 1
n = [47964, 93404, 138844, 184285, 229725, 275165, 320605, 366045, 411485, 456925, 502366, 547806, 593246, 638686, 684126, 729566, 775006, 820447, 865887, 911327]
suppSz = 1e3 *[2.6221,    3.0095,    3.8867,   3.4678,    3.2556,    3.3570,    3.2909,    3.3813,    3.2062,    3.1554,    4.0591,    4.4277,    4.4762,    4.3789,    4.6350,    4.6261,    4.8147,    4.6982,    4.7104,   4.5762]



(3) DBLP experiment 3:
n = [248, 448, 820, 1520, 2768, 5084, 9324, 17056, 31224, 57112, 104452, 191072, 349444, 639160]
1e5 *
[1.0529,    0.0054,    0.9875,    0.0065,    0.0074,    0.0116,    0.0174,    0.0248,    0.0253,    0.0278,    0.0301,    0.0346,    0.0351,    0.0443]


(4) Hamlet experiment 3:
n=[248, 372, 572, 872, 1344, 2044, 3140, 4788, 7332, 11196, 17084, 26060, 39804, 60756, 92704, 141512, 215960]
1e4 *
[1.2549,    0.2137,    0.1146,    0.2266,    0.9076,    0.2440,    0.3310,    0.6747,    0.7137,    0.6856    0.7442,    0.8437]



(5) DBLP experiment 5: 
n=[3, 5, 10, 19, 34, 63, 116, 213, 390, 713, 1305, 2388, 4368, 7989, 14612, 26726, 48881, 89403, 163517, 299070]
1e5*[0.0000,    0.0001,    0.0004,    0.0008,    0.0009,    0.6256,    0.0012,    1.4380,    1.0319,    1.1338,    0.0281,    0.0078,    0.2027,    0.0182,    0.1187,    0.0259,    0.0269,  0.0281,    0.0330,    0.0349]


(6) Hamlet experiment 5:
n=[3, 4, 7, 10, 16, 25, 39, 59, 91, 139, 213, 325, 497, 759, 1158, 1768, 2699, 4119, 6287, 9595]
1e4 *
[3.0779,    3.0779,    3.0779,    3.0779,    0.0056,    1.0046,    0.0070,    0.0135,    0.0408,    0.0847,    1.2694,    0.0682,    0.1546,    0.1569,    0.5569,    0.7729,    0.3209,     0.5599,    0.7379,    0.6838]








